101 2 100000 10000 3
102 2 100000 10000 3
103 2 100000 10000 3
104 2 100000 10000 3
105 2 100000 10000 3
107 2 100000 10000 3
108 2 100000 10000 3
109 2 100000 10000 3
110 2 100000 10000 3
201 2 120000 10000 4
202 2 120000 10000 4
203 2 120000 10000 4
204 2 120000 10000 4
205 2 120000 10000 4
207 2 120000 10000 4
208 2 120000 10000 4
209 2 120000 10000 4
210 2 120000 10000 4
301 3 150000 10000 4
302 3 150000 10000 4
303 3 150000 10000 4
304 3 150000 10000 4
305 3 150000 10000 4
306 3 150000 10000 4
307 3 150000 10000 4
308 3 150000 10000 4
309 3 150000 10000 4
310 3 150000 10000 4
401 3 180000 10000 5
402 3 180000 10000 5
403 3 180000 10000 5
404 3 180000 10000 5
405 3 180000 10000 5
406 3 180000 10000 5
407 3 180000 10000 5
408 3 180000 10000 5
409 3 180000 10000 5
410 3 180000 10000 5
501 4 220000 10000 5
502 4 220000 10000 5
503 4 220000 10000 5
504 4 220000 10000 5
505 4 220000 10000 5
506 4 220000 10000 5
507 4 220000 10000 5
508 4 220000 10000 5
509 4 220000 10000 5
510 4 220000 10000 5
601 4 250000 10000 6
602 4 250000 10000 6
603 4 250000 10000 6
604 4 250000 10000 6
605 4 250000 10000 6
606 4 250000 10000 6
607 4 250000 10000 6
608 4 250000 10000 6
609 4 250000 10000 6
610 4 250000 10000 6
701 6 300000 10000 8
702 6 300000 10000 8
703 6 300000 10000 8
704 6 300000 10000 8
705 6 300000 10000 8
706 6 300000 10000 8
707 6 300000 10000 8
708 6 300000 10000 8
709 6 300000 10000 8
710 6 300000 10000 8
801 6 360000 10000 10
802 6 360000 10000 10
803 6 360000 10000 10
804 6 360000 10000 10
805 6 360000 10000 10
806 6 360000 10000 10
807 6 360000 10000 10
808 6 360000 10000 10
809 6 360000 10000 10
810 6 360000 10000 10
901 8 400000 10000 12
902 8 400000 10000 12
903 8 400000 10000 12
904 8 400000 10000 12
905 8 400000 10000 12
906 8 400000 10000 12
907 8 400000 10000 12
908 8 400000 10000 12
909 8 400000 10000 12
910 8 400000 10000 12
1001 10 500000 10000 15
1002 10 500000 10000 15
1003 10 500000 10000 15
1004 10 500000 10000 15
1005 10 500000 10000 15
1006 10 500000 10000 15
1007 10 500000 10000 15
1008 10 500000 10000 15
1009 10 500000 10000 15
1010 10 500000 10000 15
